aa0 =  6.0028
aa = [ -2.32745, 0.12403, 0.60729, -0.90414, 1.04546, -1.11782, 1.15309, -1.16373 ]
bb = [3.58208, -2.75145, 1.91784, -1.33901, 0.91301, -0.57180, 0.27595 ]
