steps = [ 0.50000, 0.70543, 0.73788, 0.73906, 0.73908 ]
ans = 7.2775e-13
