steps = [ 0.50000, 0.62761, 0.68489, 0.71233, 0.72579, 0.73246, 
	0.73578, 0.73743, 0.73826 ]
zero =  3.8246e-06
