steps = [0.55000, 0.32500, 0.21250, 0.26875, 0.24063, 0.22656, 0.23359, 0.23008, 
	0.23184, 0.23271, 0.23228, 0.23250, 0.23239, 0.23233, 0.23236]
ans = 6.7369e-05
